3296605
8208196
8576277
8544287
8510739
8278873
8158894
8156075
8734483
8164232
7515425
7514003
7572706
7521792
7479997
6026874
7479790
7595907
7773583
7670431
7577431
7660814
7582010
7591913
7581832
7580126
7577122
7576907
6160058
6171975
1202165
1490874
1393858
5459668
8590160
3002905
1211250
1235515
4613397
1612030
7481148
7482045
7607262
3151397
1224152
4573125
5041977
4540479
4590314
5093168
4489265
4594541
8683561
4486460
1040698
1088816
1032687
7198364
2860411
6497754
1391717
5515244
5319953
1452843
2455665
2958598
2557049
2959692
2429240
2891597
8663328
2966316
2955789
1482518
6482401
4496429
8680131
2033616
8048328
3790801
7577470
8284473
7576234
5354189
5424413
5394640
5713255
8757773
5498430
5463638
5454960
5452607
5431239
3484376
4911575
2301301
1436466
1340005
1152395
1460105
1266717
1150568
1152302
5011804
4995735
5431351
4985735
5052245
4964835
5204684
5276725
4964939
5341730
5639380
1281154
5295680
1225416
1235358
6532752
8559897
8280014
8598040
8537499
5631531
5316901
5631791
5633685
5543197
5628907
5556551
5541494
5632582
5630578
2207301
5083913
8628671
6569101
3498825
6585279
8583845
8870656
5511868
7547818
1126537
8475022
1115286
8610939
1433286
5352648
3507764
2085486
1339689
1101461
2956317
5044385
5283356
5040431
5040843
5372033
5558661
6154601
7445835
8745920
5282829
5293619
5579575
5407797
5368156
5270036
7819846
6841565
5680154
5389026
1142548
1314843
6678211
1001286
1319607
1305551
6673619
7524029
1643739
5466459
5486120
5477342
5515059
5498910
5835138
5590803
7788918
7335171
6450837
3333820
8467994
7695430
4654991
1082459
1192921
5503009
2228441
5093417
7734105
3115785
8575919
8209545
2950841
5763150
3470121
5277933
8819443
8941519
6506777
6486711
6502142
6476568
2508031
2751121
3578074
6840356
1018109
8666222
7608086
8103742
8124346
7800766
7636129
8091528
7635637
7635680
7635056
8091414
8220027
8069651
8297303
8007487
2528223
2491370
2631388
2603993
4566906
2800877
5419223
3882765
3071982
2997587
6509433
2213733
2221787
2217769
2281561
2217649
6679983
2308266
2228684
4617262
1597188
1136034
1258805
2051189
8873995
2435106
1418406
1979210
7400011
1229443
1787407
5630055
1061495
1080252
6344797
2420770
1025067
1030273
2301445
7912037
4980775
7529207
8875438
1913124
1465911
1440079
1480231
1423419
1613302
1543282
2114460
1540992
1326152
1313150
5584897
3404815
4911446
5274375
4898232
1012336
2890364
1576161
1562517
1540548
5996013
5091446
1035680
1015786
1032079
5915365
7777144
5417475
5415599
7594203
5648871
7583247
8662885
7528501
8899379
7511454
7513665
7511096
7510641
7510686
7612818
7677910
5636246
5884121
2155472
2743787
2107922
8621386
8694863
2527023
2187359
8604711
2281324
2188319
2368762
2150675
2134644
2421556
5043701
2156379
5116408
2375316
2333451
2158265
1509800
1928206
1190235
1129379
1026184
1596198
8677328
1230151
1052740
8578929
1276625
1082585
4951989
1391660
1064479
1279110
1140374
1509650
7493160
7890538
7113825
8567662
8566507
8585387
8577393
8787741
8685248
8648135
8646693
8612211
8609119
7770072
7819829
8232388
8538382
8564813
8385668
8137485
8346018
8097990
8803258
8760176
8732884
7158482
1258818
1200464
1104481
6092726
8041279
6143434
6554423
6185117
6132170
7664096
6828349
8820577
5102597
1248548
4517020
2234790
4986311
5001725
8815611
8797895
8598865
8063890
1179305
5164601
1091248
1093175
1093465
1101976
8563562
1092307
1091258
1092678
5374005
7590464
8414123
5324982
5661834
8328905
8343788
8347732
8821185
8332319
8403058
8331159
8355006
8331348
3134343
8566975
6337670
6352556
2354731
3428327
8669384
1257406
1465972
1112839
8451006
7244352
1186486
7770319
7771494
7583274
7781499
7769771
7769440
7769722
8535238
7773764
8642066
1018503
1037042
1037466
1014639
1053613
1505487
1084213
1041437
5590062
1203532
8692790
5337767
2742076
5143324
2778737
5425553
5046543
3300982
6577362
8737335
7476280
7932528
8172734
8064214
8075888
8690937
8576279
8377332
8083482
1141164
8641110
8533033
3532074
8636591
8643150
7505560
7121756
8201952
8814089
2307814
7969328
1486326
1060211
1016865
1022993
1119614
1048270
1271709
5014145
1259095
1121905
5153708
8873597
3879717
1139322
7347801
7440604
2990211
8887154
8332769
7976909
7453685
4926681
5306202
5305210
5332679
5889579
1073476
4873387
4908269
4931013
5322455
4903214
4910258
5776969
5041202
4892047
5561853
1492964
7470424
1311431
1304385
1301362
1294412
1289134
7479739
7854043
1386138
6276641
5465127
2441799
1930738
1061441
1542328
1124107
2854372
3516872
5813040
7880886
8654716
1001675
5065485
8579891
1436531
1097233
3187948
1000785
5009745
1358026
1221716
7582420
7582702
7569552
7569175
7762229
7796745
7647262
8152277
7911661
7636536
1287649
8070221
8002757
8071222
8069707
8018847
8020998
8059455
8073587
8056960
8072131
5627341
5612581
5570668
5597251
5624788
5658828
5704974
5620143
5705041
5721616
2109226
2726812
3438305
7192283
8932490
8332724
2480100
2479721
2817064
1356341
1008791
1015756
1198565
1212338
8574191
1003143
8855872
1119925
2271929
8550640
8922309
8940692
8927972
8935550
8929389
8934856
8925142
8912526
8930137
8817987
6456291
5353945
8476717
5036694
5491373
5269144
8791347
8730445
8350219
1017012
1066026
4606120
3734273
8609292
7824718
5637324
8558819
8759360
8576591
8707656
5014819
5655582
5041826
5116344
1354724
1523898
2816562
1353307
1356519
7587200
3160514
7500905
5950396
5096554
7207303
7125466
8813312
8507046
7317268
7118474
7102787
7237501
7274972
7272377
7650531
7651718
8068091
7652260
7647457
8512326
6015826
8600335
2040518
5705271
4702099
4979267
1529827
6533898
7630897
6987278
5708528
1973138
1383517
8159659
5202421
4457451
2830839
6309651
1452761
5426724
5399516
5104125
5015111
7370616
7339673
6065819
4950747
8086908
6486245
5808531
5377657
5304038
6280491
1504859
8569393
8390747
1502026
1482842
1053086
8233757
1383580
6685682
4632640
8402846
8659727
8371388
8363453
8351270
8349942
8345263
8342053
8377186
8369724
2182185
8375579
4608966
5095486
4976797
4929183
4065749
4923980
5202762
4937064
4970241
3432376
6146861
6247283
6649797
2926244
7770368
7546466
7454422
7918618
7301680
6695073
2216289
2248407
2487874
2293400
2166705
3688160
4190502
2110927
2507403
2137093
2035349
6686617
6697595
6711577
8627230
6695908
8629553
6709231
6701268
8635953
6688474
5126459
2332297
3274608
3201623
7448300
5167265
6153075
5824244
3199173
3250682
6153501
5133260
1255144
1298772
1471939
6496085
5280006
7594194
3649609
7784631
4878317
5063852
7029265
7554521
7598505
8726468
8603452
7781830
7553192
8785747
7487120
4991816
6335738
5363013
4993168
4883428
1096781
7468827
4698359
7414262
6848479
7961805
2163171
2062419
8609910
8578254
1459050
2953804
1387308
5665628
2392645
1803489
4583132
3199091
1619330
1206319
1010490
8781140
1109679
8643159
1180915
1734577
5976499
1016892
5147552
1786776
1002167
5769951
7205045
5625571
6537126
7381635
5298425
7633551
1508673
5494084
1559707
8155889
8142836
8147964
8142850
8184835
8142560
8155298
8185313
8158945
5663470
1547267
6492892
1198230
3545261
5223707
3021431
7704748
5373380
5283247
3268570
6833039
2282124
2048078
1524049
8516483
8657928
1810826
3311095
4657163
5020703
4855327
6132425
6277452
6271422
6302356
7364494
6648893
6289908
6278514
6843106
8709195
1830358
1973770
2746383
1593975
1409780
4210951
2966580
6762242
7217017
6868328
8722749
6833758
8886402
6855007
7343178
6840295
7214726
1597157
1155595
7120997
1889256
3229980
1703332
1048423
1775247
3135741
2013074
3338442
1083876
8574465
5108731
4955710
1347403
2048504
6499704
2037871
7926252
3431169
5178933
8163030
7695399
7849713
5825682
7169534
8150458
2839682
3141938
5644585
1162844
2342962
4549455
3141946
1413644
5199421
4594760
1202414
1140644
2846210
1206126
1195489
5658437
1934148
6303898
1343689
1196943
3683758
3925984
3882992
8511630
4662167
3751970
1238436
1126660
1399038
8645469
2138500
2094893
1186596
1525484
2054355
6682694
8941021
8900738
8351016
8744689
8534003
8865401
8785769
8716136
8714599
8676793
8496477
8463257
8594276
8598492
8592631
8592636
8597383
8595568
8767727
8621654
8620098
5804965
5828187
6112431
6587040
8686163
1077271
5009962
4613613
1494026
6676743
5533325
7730151
4984338
3948077
7414432
7221795
7221057
8517294
7634473
2904495
1728861
1216213
5871304
3313437
3486093
3296005
3290483
4934440
3746226
5517356
4998142
3376015
4930991
7136981
6810775
5490642
5451492
3598997
2197441
4981116
2052763
8798682
5174464
5105561
4893277
4550466
2195039
7501513
1707187
1127601
2303776
1243154
1041220
1795678
1192453
6445723
1699830
1448946
4612154
5096097
1195823
1408056
4549980
6190204
1260437
1368097
1184027
1509189
8390978
6324852
1414544
7366681
8286845
8147513
7769814
7637365
5523490
6131524
2415668
5144102
8900786
8877503
8422943
8059679
7886757
3199175
4485941
3344900
3121445
4551080
4694694
8596390
2210464
8561413
3430506
1248294
1626423
1616661
1262077
1261452
1505824
8514908
1805260
5608151
1531565
7418574
1591335
1479560
8634016
7867495
5881347
3110498
3391116
3219594
3356097
3112024
2672615
5435750
4587553
4491321
4132619
8333780
8335082
8337385
8334586
8345922
8336420
8336843
8334445
8359977
8348178
8701391
8625238
8632624
8631703
1584263
2051951
3334982
1395062
4967022
1627518
5246530
2518535
8220958
6304540
4657039
2116854
5368811
2018425
6679810
5699322
2181545
2044107
7194989
2069150
5097924
5479749
1621293
8098553
1653700
1630327
1623651
1735198
1617088
1650995
1617127
5702923
5687826
6644026
6648876
6527348
6899545
6622581
6521284
5704943
5710559
1696754
5424207
1207432
1117150
6703050
6720206
6703425
6731725
6740877
7118749
8911620
8456343
8086694
3141786
8465175
2949418
7683398
3126426
2942716
2942392
6697177
6000224
5959623
7174865
7946135
6184802
8737591
8554136
6512634
6157448
6130959
1082560
1422148
1471336
5413355
4982405
3307601
5730723
5571971
6720079
8351467
6751212
5314801
8488989
2930168
2051849
3172229
5805010
3279652
5089647
2134650
2090000
6139234
2057693
4531792
5690917
3717944
4496432
4624415
4693724
5278361
3484430
6479129
4533561
3826055
7935117
6283201
6397287
6394345
6419746
1172236
2781352
1124965
1165331
1090889
8397222
1022393
8888048
8618984
8608672
6340343
1329472
1303606
1143880
2568330
1323896
3274434
1033200
3324210
1485482
5460790
4584240
5272790
4976098
3352050
4600587
1486600
7289473
1516638
1597645
1445955
1450840
1447057
6022280
2951712
2118043
8409871
8091804
8602913
8737084
8644911
8854441
8836659
8811300
8811036
8807135
2252954
5599095
8452793
7336769
2905720
5474988
1015761
6335990
2173028
8925339
7537627
7620062
7542780
7539711
7621451
7694630
7575981
7621690
7618138
7547408
7505510
7499076
7443739
8832404
8260205
7825792
8778729
5098136
2956578
3217053
1558214
5711650
5329248
3489141
6465686
3364322
7468011
1152503
1212136
2315027
8465062
6712611
5003542
2966468
5427311
5374076
7182930
2102151
2045117
3715104
2064377
2044284
3290597
3222827
2414750
2119835
2073931
5035095
2117974
1286325
1084464
1000782
1213083
1634637
8428321
5800013
6202147
7489106
5127690
4884306
1032262
3313594
6867401
5565743
5162525
2108191
2236703
4590387
4891948
5029263
5137479
4881601
4616493
7551726
5812740
6833511
6705603
1529920
1184051
1273822
1233324
5991347
1077926
5125270
8211770
5551422
2134260
1921902
5708954
2092450
1951188
1881834
4121288
5550570
7839631
3556215
2978745
8928532
1132092
6628504
1089476
1535857
1143401
5807332
8665579
1562477
3645899
5099319
5092529
5102845
5258125
5439554
5262287
7312557
5254813
5326913
5619087
5488855
6311473
5466215
4562718
7893202
7198638
5260696
6536019
1588968
1597495
2206569
5700705
7917804
6190707
5025353
5027296
5026087
5026023
5028698
5026981
5028117
5029461
5027809
5028696
8571972
8774217
8585456
8582569
8578572
8642844
8580091
8640603
8642492
7156833
6487372
6190803
6161243
6249409
6161294
6162891
4879183
1676194
1582595
1561574
2969455
1160569
1746916
1644973
1401028
1041983
1620756
8883154
8491650
5223937
8618977
4498175
1128895
1210309
5702980
7824939
7670377
8307548
7912790
5048791
6607008
8918866
1701901
7753634
1569982
1457767
6732466
3302332
5042953
2640712
2871534
2082168
4859148
5414827
8859583
8836045
8746707
8408885
7328743
1584616
1436644
1443925
8113350
1405632
8747275
8695011
2374592
7563214
1422473
3457210
5339736
5293071
5421290
5326197
5292317
5464101
5433592
5294181
5434482
5439672
4662208
7753237
6837703
7351919
8342805
8060486
8092253
6693292
3353280
3163757
3202894
3171194
2893974
3294923
3316410
4992044
3210179
7204757
1711695
5375489
1311725
1300903
1654756
5375032
5121161
1550671
6549005
5546568
1296468
3139962
7327469
7525929
7242236
6449206
5831070
7227731
5039496
1952165
3652651
3668485
5038743
8043936
4162224
5717327
4923068
5444871
1329548
1288261
7737596
4557625
5546237
6542033
6462578
7811592
7244269
7589209
7264186
7548808
7546372
7814973
7345882
8906665
8618092
8554243
5186700
4721111
4820146
4937843
4908576
8653851
5187636
4895506
6492044
8565277
7155931
6570351
6249485
6260283
1717735
4983235
1104020
8608673
8664069
8617866
8608716
8608592
8608426
8608420
8608119
8608029
8607910
5150164
5141275
5137683
5137670
5137131
5140576
5149544
5136241
5140174
5463594
8778297
8805470
8829464
8826589
8827931
8846661
8845762
8836270
8833727
8831370
1286106
8456999
5070074
1631475
1627569
7594593
5400768
6298479
1394107
8821284
8557509
8215935
7218345
2216006
2549900
2559706
7488656
2551835
2551594
2993907
2873055
2584429
2924721
3878008
3879718
3906542
8798145
8713765
3486755
8532239
3895597
3183732
4546047
2121986
4537175
2937421
5270259
5712237
2901339
3242059
7709294
1123709
4632092
8803758
2098056
6132846
6080242
5935098
5569892
5573940
5649239
5570846
7605209
7887776
6682708
5725531
5584777
8669768
1005864
4559717
5524116
8181793
8583569
8162893
8593767
8608213
8147373
8541838
8142972
5453966
7654299
1387585
8779810
5816135
5620777
7188049
5208662
5060649
7351600
7188050
5420828
4459836
5101326
2867857
1560681
2526841
8662061
3475072
1490070
1525501
3075729
7722041
1714761
8608834
2871314
7358288
5769387
8882690
8861252
7927200
6558602
5952475
5330666
5795700
8129121
5084099
5511153
1215857
6473457
7163428
7168206
7388951
7499669
7614096
7459850
7459025
7194864
7884830
7448741
1165379
1141465
8642341
1231987
2845577
1229024
1178874
3513265
1540611
7462731
3134037
3169071
6771072
6306789
5086062
6580490
8794555
6694875
8761752
7386947
6009377
7357580
5104416
6588774
2441891
3111045
5637967
4506195
7587814
5612937
3600250
3412193
2286729
1988408
1008547
1001537
1098078
1294311
8577362
8546092
8564673
1693761
8696963
8577223
6473159
5210692
6915698
6166835
8669244
8682212
8583633
8531540
8574824
8656510
3799558
8604417
8348603
8680932
8683245
6140007
8296458
3342519
1437230
4588928
5948566
4258184
6707879
5264007
6725713
8366189
4607290
8927519
1152577
1152157
1152236
8913442
1154450
1154302
1177785
1251626
1156444
1218507
1155663
2089768
7738549
1973550
3144393
1945117
1942025
1512309
4049202
1961457
1956614
3109901
4269975
1021456
1236633
1021906
8674007
8589026
1022976
8771254
8579235
8529827
8872592
1885562
1577587
7207924
1528272
6388631
3171525
1734468
5426635
7366335
8288897
6600623
3280475
3275867
2983309
5921440
6430132
8480685
1498042
1617799
8567438
8256712
8140455
8490380
8273806
8550286
8161927
8582129
8436242
8388933
8378814
6158565
2914229
2075375
6298159
6277018
6282341
6277442
6294277
6285709
6258838
6329815
7757140
6757518
3140598
8036181
3339297
5093135
1254401
5355273
5711299
5521048
2904512
1998514
3448724
1031564
1224300
1375002
5770291
1015508
4896800
1339079
5732200
1003493
3549613
7434257
4924379
5457060
7465921
3179037
6655726
7557605
6845077
8101760
2153122
2129681
1385808
1171468
4536136
7549936
1181975
1432187
1474963
1041419
1534699
4823013
7909694
6556335
6826204
2874614
7161153
3440021
4521477
6558863
6534466
6558862
5795038
5606900
3387180
6559649
2019562
1046763
8821238
8815180
5434237
3141469
3058374
5784892
3298380
6736546
2287333
1459237
4472457
5553984
1993511
1460236
6371584
5427734
5262202
1059696
8658485
8697892
1008851
1252764
2101923
3562580
7636691
5337872
5094066
7606123
5364374
4748567
5741799
4771583
8932847
8944609
2301289
1025242
1621597
1165823
8822355
5290225
5348415
5318555
5749617
7811148
8291611
5526041
5383835
5356474
5307372
5698466
3015664
5984122
5718189
7450534
6133510
6496887
5433342
3259945
8831076
8793412
1474742
1474850
7984508
4560755
1031895
2076976
1477136
1436916
1410438
1410361
3494451
1082216
5680163
6402252
1136589
6561500
1134471
7820401
3608288
7185744
1103457
6764973
2165885
2509047
1254416
1383982
2208219
8911327
7916883
7858341
5443817
8681235
8738401
8701517
8685078
8828740
8827254
8796653
8782297
8747955
4611933
8572826
4608063
4612999
4600852
4737745
4662030
4615731
4621495
4610847
6835857
4899996
2036907
5728072
1464161
1332075
2017877
1504401
8750692
8750545
8777273
8775698
8752868
8750849
8936881
8103649
4610928
6563484
8245978
8260184
8253913
8248775
8268653
8385141
8391857
7900197
8245213
8381600
8669067
8770386
1081682
8496121
7295065
1634598
8542465
5416116
5077305
7997896
2007302
2778544
1427331
4938122
1708345
1447883
1453054
1445548
1460899
4940589
8709752
2937430
2189503
8531216
3272150
7847938
5661559
8926974
8520371
1449603
1254392
5393867
7578275
2604789
1108883
3293124
2060559
1023538
6325952
3575586
1328790
5656364
3205743
3174343
3171162
3170764
8272077
2099426
8631059
8611740
8613000
8901632
8608891
8934332
8949496
8947508
8944883
8924467
5492448
5529941
5525952
8763623
5499838
5168596
5610559
8590664
6176827
5527525
1597126
3516092
5467758
7684960
8369667
7764223
8825675
2533499
2779958
2613125
2749565
2661603
2685875
2734762
2651434
2757466
2947112
4672391
4678152
4790231
4684010
4920263
4669047
4881371
4686285
4921129
4892833
1071887
8155417
8668728
8581242
8577665
8572062
8565195
8573569
5484731
1022412
3591377
1171775
5097243
6855804
3349043
5997388
7433739
2924450
7863137
4561343
4579075
4530500
8870787
6738925
4812379
4832898
4848968
4826659
4885518
4869502
5041648
5034675
5028904
4977025
1151047
7458451
7319282
1632353
5052885
1197390
2012770
1962006
2047997
8884043
8890007
1522896
1170875
7523104
1165274
1631994
6557680
3136977
5559487
7559692
7562088
7564905
7565943
4555401
4577938
4588019
4578034
4554762
4532741
4506172
1035124
2295314
8722743
5479117
7503474
1126563
4559729
1623807
2901740
7427855
8045088
1516906
1565872
7769833
1366304
2867950
1256908
1902139
5153328
8776588
8654434
7529076
7356286
7354638
7551965
7466747
7493182
6468911
7421982
7363342
5403047
6156630
3131341
1906153
2020573
5042646
1352793
1070014
4712550
5525695
4864884
1615534
5491923
4808326
1611696
5205243
1835974
1460026
2983328
5139979
2073211
8412604
2720102
1719551
3368889
1123032
5650544
8755222
1058312
1199070
2507956
1049493
1325267
1124658
5261072
1059862
5356503
7870338
1190526
1549266
2868968
1405692
2821679
1046878
4965656
4463529
6609358
8050329
1223489
4527082
8259391
7339125
5484867
7341411
4590866
3046068
1549300
7564169
5514791
1217963
8104218
8833143
8749751
5739265
2151513
5814497
2318856
1263367
5009693
2824858
2337370
1370701
8610655
8809586
8637288
8760275
1559864
3575472
1051139
7673155
3309720
3287968
6713959
4954442
1651088
8656976
8307232
1973425
2939545
7104703
2161851
2948361
5007931
1335974
1038179
1143456
5769511
4956770
5137776
5038513
1074804
1067705
8247761
7591987
7573158
7789794
7812932
7574109
7934712
7581665
7861130
7590018
7583796
1420181
8586330
1542734
8536936
8619690
2449398
8536872
8530008
8373001
1186047
5104812
5108282
5099699
5012032
5087245
5108898
5101695
5141162
5793785
5085658
6641577
7117854
8800536
8535812
7117232
7632643
7118950
7380898
8301130
7384374
1929785
1928481
1053390
1011383
1928085
3631378
2836128
7306203
5529261
1533847
3134096
2974621
7761773
6202839
8628816
8902633
6723754
6760333
7942414
6836631
7761613
7156757
6746773
1294466
1577258
8881543
8721938
1068312
1045480
2078298
8651085
1970949
4954047
8084749
5822809
8649470
7935220
8474302
5095235
1213388
2741539
1609459
2227690
2061335
6447758
8514072
4905327
5009017
8077876
8520294
8487386
8484056
1092986
1011609
1411900
2985170
2985616
2907949
1148451
1234454
7565191
7557761
7570991
7567545
7564542
8087712
8835691
5577305
5313856
5301646
8182870
8591399
5292738
5960631
5757595
6657689
5660669
5825962
8422031
8485855
8453313
8453602
8443688
8442856
8442102
8434679
8459030
8392144
1084982
2229181
7563023
1057182
2912968
2897026
6499026
1591228
4490633
4943926
4206642
4931036
4593810
5026241
4614329
6839762
5649692
4982873
8825659
8679825
8682214
8682196
8681659
8681590
8680563
8679446
8679419
8679377
7507786
7769379
7736236
7491847
7553605
7765467
7640720
7537303
7731301
8922394
5308473
5313107
5348568
5336663
5461915
8826658
5473933
5513392
5365997
7351406
1556463
1496954
1587982
1565900
2130761
2165694
1491303
8592506
5451542
4963581
7527123
3046770
5135115
2096135
1239590
2925137
2204813
8574667
5152710
5107165
5131800
5086203
5149666
5141630
5127986
7588170
5759313
5718586
4822597
8661915
5515317
8032452
7471790
7774625
8928911
8868925
8723204
8015456
8001654
1354052
4465721
3042215
1884506
4531464
4498420
1413709
1393946
3330648
2930256
1192168
5269517
1384362
8916386
8457191
8615560
7787428
7952364
5292853
5287065
5371293
5295255
5305129
5309783
5517148
5354670
5308724
5280877
4922867
1319458
1392951
7109874
7493895
7654655
7157197
1065394
2184215
2062048
3055116
6660401
1969435
1164840
1553327
6267936
3671323
8421900
8206655
7339240
7397034
1039710
2990606
1331978
2989949
1029700
1082121
5715237
1223086
8040030
7826480
7833739
7835971
7904891
7880884
7838366
7833597
8420607
8288091
7837082
3512911
5784692
3310431
3136213
2235160
7728286
4685527
8056472
8503448
7858072
8832183
7734197
7734284
6527477
6831631
8039094
6737914
6653959
7387939
7652292
8598750
1026371
1352495
1079743
7491303
8104871
8653306
1171219
1173543
2091036
5416937
4949869
1233701
1208669
1146296
1189225
1192967
6162092
5215774
4934765
5168756
5267251
5552713
5278229
8062921
7905017
8162247
6242543
5600229
1039373
1025424
1148811
1073120
1070017
1462109
1077842
1600729
1332888
1449046
7378674
1588833
1041188
1247245
4539158
4849608
3739944
7655129
3961655
4601845
4546316
4542220
7316779
5382018
5602163
1265021
8188493
8142176
7720013
7319011
5128522
2963619
2974471
3117554
2962608
2963785
2964737
2807326
2974273
3195790
7596331
1155904
7524326
5969420
4338534
3443703
5351772
1056597
1053429
1019250
1041757
1093315
5004123
4702278
3031371
1316474
8833112
8720133
8927417
8818849
8788033
8717283
8644004
8637997
8630548
8635528
8635345
7529798
8597399
7657244
8786469
7831481
7654230
7497736
7369600
8159477
8494060
8211839
6510905
1580654
2878947
4464429
2988825
4469106
4715483
5567146
6170980
8461915
3193429
3491116
3134929
4867268
3025995
5508183
8127391
8086718
8017220
8000231
7815652
8042109
7999138
8005494
7859629
8037608
8065069
4545028
8740722
4470008
5234632
1012450
7459477
1163169
1552246
1938755
3442920
1566617
7800242
5404342
8782176
5741401
5658676
5658170
5926279
8739590
8348776
5668549
2402898
7534534
6414712
1089852
1492249
8816075
8648560
4880519
1502353
2207733
5260749
1486630
1486740
1490849
1158676
5037704
2029008
4645548
2672422
5038424
4616169
4647712
1658749
4516286
3105417
2283637
7673290
5783716
4289419
7206279
8548079
8135754
8146738
8138835
8137426
8261679
8259778
8431234
8257846
8141713
5329182
2095816
1522260
1314408
1425573
1034097
3106960
1456107
8217589
1220213
7575945
5037690
2031218
2036818
3437709
4866230
2020545
7095575
2060341
3313363
2281743
4593681
2822618
5459436
7320166
5512531
8539172
2065584
4547406
2258939
2956811
2369714
5123648
5116218
2457373
8184165
7472776
6000228
2742909
2122101
3457415
5154452
5634511
5703442
5735948
5702811
5633009
5716272
5701893
5764718
5764670
5766050
5768225
5669211
5701279
1411373
2794970
1390994
2585869
1404064
2050533
1269931
1387942
1393754
2780209
1429722
2237197
2097547
5316347
1399573
1399245
4533653
2988868
1646702
3137492
6246315
2338793
2277865
1552918
1556861
6714903
3545493
1556438
8519134
5385504
1972210
2333564
2067741
5265925
5216301
5221802
5215653
5216337
3217630
3172766
3676085
3744324
3556265
3668112
4040359
3523068
4464344
8490989
5539840
1622646
6542111
4512424
7775967
5612023
5419493
8835442
8831724
8831665
8823777
8821627
8799995
8820326
8830706
8824309
8820857
8731773
3774472
5480071
1652142
7180524
5479323
5464958
4132826
2160100
1038566
5542212
8208172
7689853
5115702
2980477
3174319
2189294
2123956
2336753
2021456
5262815
6328146
8363616
7926177
1619168
1623408
1680481
4631572
4555865
1885370
6442166
1615406
1615384
2036065
4555322
3230721
2127522
7483562
1386024
7340341
1249109
5140887
5120565
5197256
5129846
5382251
5346815
5230624
5567360
5510827
5230074
7596209
7505044
7521159
1573283
1569603
5080862
1536628
1535561
1525352
1517894
1517433
1573612
1588514
8594948
5203336
1320144
1437507
4165929
6763213
1038053
1072083
1134707
4896362
2041001
3704058
5412275
8303140
5500707
5412177
7779735
7736017
7735851
7780375
7754906
7848246
7967752
1997339
2022235
2114035
1969652
8837880
8539794
8541750
8547481
2084537
1968618
8846145
8905942
8864711
8889653
8913556
8911579
8952914
8925269
8914785
8909801
1044867
4586961
5562648
4966720
1465234
1467380
8838249
8766964
8414899
1166000
6194481
1128906
2605604
5360839
5369551
5315766
5373150
5427472
5344312
6319060
7417182
5290193
8694427
3665182
8698467
2930695
4701283
4522842
2110814
1697214
4905094
5419173
2966729
8578533
3169630
3886406
2992955
5334138
7945093
8352401
5427836
5207095
5620440
5339204
1177652
8421363
5637145
4980661
6825589
5321634
1087207
8849526
8574984
8575505
8576337
8575395
8577276
8579200
8578166
8576557
7984029
8578349
1274074
1198787
8563859
1269995
1213810
1255684
7863273
1201015
1264798
1257748
4603833
6781056
6781054
4713386
2878556
1048351
8563970
8473196
5744391
1452963
3140966
3428273
3430294
2053683
6164096
4610429
5008947
5013433
4953535
5007343
5012388
5016246
5010861
5014562
8795356
5011825
2176269
6373278
7523532
4940989
2136392
1578789
1280606
2075243
2889454
6013630
6745600
6699755
6718412
8370878
4820988
4458592
4456766
3761820
4434170
3038419
5568996
8938266
8128738
6348397
8562183
1076717
3293145
1912577
2032040
5390843
5388992
6391178
5624592
8242454
5432740
5412835
5405225
5404404
5396114
2009386
2936762
1846098
1971355
1698384
1601197
1624636
1599939
1795728
1656555
8147754
8647962
8791620
8789971
8777489
8414644
8383684
8359498
8075325
8139665
5001491
4490185
3144700
2598103
1184158
5585237
2045566
4771523
1942807
8437221
5498059
7210830
5528449
5590583
5511488
5532851
5510957
5502624
5494925
5493769
2289191
8198177
8856656
1095958
4866772
1064046
1138896
3481946
6323246
1668838
5726900
8646527
8645587
3991281
1435061
1463157
5620670
2157478
7732280
1553085
4697374
4895912
8095283
8605823
1525178
8290819
2429211
8402839
4933958
5722077
2096184
8733867
8429658
7591863
7617322
7846969
8220762
7920852
3443189
8459480
8215429
8106488
1275188
1224147
3742679
8423959
2318627
1008196
1439813
3136542
1580814
1404393
8705703
1108584
8617338
5782195
1011975
4608229
2038948
5198996
1081712
8802946
5319351
7468620
5356517
8510840
7322135
1242719
1138483
1027381
1257128
1061919
1026545
1048690
1059834
1487828
1473523
2244037
1048549
7814729
8660263
8046843
8058285
7985609
7993062
7960934
8014711
7963962
8229580
8083740
8068705
8068447
8049221
8446912
8372614
5783412
1630621
1647848
1642964
1642122
1808200
8132275
1631877
2060246
6796172
1669035
6384345
7443946
6832997
6323795
7475826
6325044
5493526
5396563
5462529
5473911
6153211
8557583
6280112
7439416
8939927
8940733
8904249
8887386
8886904
8876664
8841248
8817843
8817053
6750390
6683533
6660471
2437979
3848785
4979429
4738005
4559654
3292340
4908464
3498489
6190220
1062491
1124466
1360188
5280701
2274001
1074291
1051872
1482219
1182080
2983907
5568237
3292445
2953404
8340253
7592267
7592674
7587206
7619575
7632614
7627692
7644361
7631737
7624241
7910700
6610202
6323627
7657116
1505053
6691643
5620576
1438410
1395284
2106124
5662267
4637648
1515984
1469544
1461337
1394332
1421188
7955004
1752583
6171806
5627386
1101581
5581869
7810959
2939901
8565013
8556722
8561496
8569323
8897874
8608775
8659858
8590232
8736093
8596999
7833926
6280437
1000948
7864299
7885422
7867253
7892039
7917807
7866884
7976435
7923210
7852565
8000549
1041907
1055060
1044513
7553324
2456524
1855292
1484309
1460774
1008536
7403366
8647391
8595209
1083382
1275306
7771186
7559718
2382741
1327877
8476326
7877605
1514195
5239046
3026531
5798021
5814698
3005886
5507257
3012804
3009686
4467500
5455342
7652310
5774986
5633810
1213321
1598856
1195995
1203012
1209067
1190711
1601507
1202622
1904168
1378098
6171915
2756195
7187454
5815644
1443852
1127254
1015735
1246991
1017207
1005120
1249515
1788367
5428689
1332883
1005813
4046454
4104898
4390416
4149605
4470377
4458660
4460371
4464657
4428448
1530573
5607487
5120709
3075578
8941456
1431997
1504404
1593840
1490360
1548686
1522920
1502250
4535741
2840550
2127572
7629318
1330067
1051074
2017790
2003757
2302071
5267671
8619242
3044452
1514727
2672206
3205317
1045364
2698677
1017560
3754751
5038472
5484956
4890552
8463006
8756008
8684014
8574694
3495340
3733510
3717392
8641265
8618834
8614193
5089664
5716352
5550911
8784153
7157660
7370808
6955816
5399037
6196882
7354825
8488140
6675983
1204825
1457429
6188373
1466833
1039678
8639629
1184289
1035478
1093434
1805390
3958837
3344956
1172576
1293267
8803679
3121328
1713568
5198121
1556579
1411693
1096600
1598581
1975018
1481421
1547655
7504457
7549315
8363164
8914585
8890126
8655939
8481129
8479280
8359956
8356344
8792366
4568757
7875142
8306122
6459710
6461617
8633034
7841863
6457979
6460355
6458837
7655132
6459591
6453779
2741253
2797686
2585048
3733679
2681447
2931038
2895994
2810069
2891920
2835908
1253197
1037515
1010481
1197973
1194036
8586937
8595978
8567095
8566786
5587984
5603358
5991772
6491160
7637663
1542620
5434417
5662037
6413148
5336416
5537057
2162651
7646828
2911762
2147913
7591560
7826942
8661658
7810610
8207838
8842666
8747934
8379221
8288611
8055076
7718726
7377836
3061825
3130624
3022406
3018055
3015726
3197504
3109496
6411858
8522704
6517097
4463954
1274846
5449048
1033777
1249038
1198287
3960784
1318311
1378376
1031753
1015319
3507339
8633076
8580575
7854550
8564833
8495457
1166158
1430362
3484728
3492106
4623799
3494614
5138754
3566533
3552099
3482470
3549345
3526294
8455551
8242057
8942635
8777060
8562745
8535966
8519167
8355519
8337163
8309210
6709826
7225666
6720618
5586600
4972784
5422227
6652005
5440921
8843178
5456563
2169870
2165333
2179509
2137135
2154219
8887022
2157050
8615098
2154720
8548668
8151416
8234650
7847287
7707207
4465591
5743985
8184231
8161016
8215255
8200085
8212077
8135090
8626411
2583847
2166882
5193896
7176834
1286691
1223802
1082597
1329236
5313300
7741884
1008599
6506294
5965433
3727333
1711733
7651525
7691925
7749961
7669376
7692565
7777410
7763422
7755990
7553760
8910358
7620593
1154318
2301863
7956165
1923908
4204902
2244542
1460230
8736802
8697094
5363696
5641717
7645495
5631389
8383206
1099015
1707223
1364789
1053178
4993166
5722161
8401524
8397827
8331000
4903571
4956697
8628372
4971730
4952780
8644457
4962784
8575586
4954118
8520919
8487832
5440582
5611832
5753475
5363899
5300504
6447710
7768073
5715161
5756246
8584376
8224035
8196756
8378139
8843340
8829223
8604364
8146722
8301074
6347144
6333018
6332952
6333002
6332984
5436380
4748729
8705715
5201550
4741646
5021769
4978214
4969468
5779160
5012059
7939111
1669174
1957865
1288437
6196394
1272692
1283773
1956611
1272146
5594808
8086784
5526956
8813269
4121976
1057691
2436027
4579939
4603251
8893217
8890018
8685488
1947514
1050745
1115285
1954594
1864048
1442761
1017443
1035255
1035019
7277238
5477887
4504680
5068285
4621671
4961362
5072700
4972594
4964518
4961768
4873313
5411697
8872513
6364761
6367283
6716389
6528451
7756182
6768645
6374417
6362435
6374737
7517556
1517478
7368435
5563696
5365393
8314662
1957339
5056618
5234225
5544341
5589287
5170474
1047078
6788462
2233187
8453449
2734810
1475273
6505174
5289021
2925201
1618330
8289388
8293417
8555642
8305091
8523504
8533515
8526972
8520431
8617266
8520907
6474727
5396315
4914884
7804505
7813452
5159147
5541940
6169976
8208569
5667630
8833248
8243696
8764747
8160194
7700839
7584008
8546676
7613094
7685086
7568839
8010641
7589785
8249713
8191548
7811891
3123010
1259889
2964256
3015756
1370545
5672906
5129828
7790145
5630272
8120709
8912055
3107910
5095929
1232709
5011728
7923390
5034475
1179550
6649295
4600824
7418720
5331312
6188956
8587587
8564383
8050734
8935124
8890479
1808025
1510896
8770840
8805835
8575592
2083316
8929544
8385820
8571339
1026226
5259659
7347351
7346671
7346466
7351375
7350137
7350865
7350735
7350734
7350676
1104353
4936616
7534330
6530811
1166842
1119992
2599473
7791420
6414394
1356449
2935662
6713698
6703079
6845657
6711624
6835120
6828079
7421618
7190642
6725411
7172610
3430772
2737819
1052530
7590405
7659679
8940345
7774644
7669871
8071364
7689932
7669403
7657750
7736811
3698858
7554562
2782203
3946648
7950825
7468318
6733823
6747154
6740778
6745522
6731763
6734037
6718051
6744598
6727265
6745078
1444380
1000840
6732459
7651523
1931174
1380144
7208404
2156133
2455923
1443540
1263042
1974977
1006499
1056149
1014886
1034780
1993844
8650602
8652450
8688410
8684390
1600173
6612434
6682874
6549931
6721610
6541082
6692335
8904261
6681774
6590417
7337462
1132224
1191989
1107146
2911890
7208323
2997366
4562739
5692792
6561560
5481006
1556474
6832993
1928619
2969607
7111545
8628878
7353028
7340329
7345665
7346422
8111789
7357685
7365834
7345771
1030089
1019765
1010346
1245269
1012971
1397049
3526018
3706532
1217774
4203967
5057565
3069939
3422740
8754580
1474979
1304474
7429071
5578536
4460861
2931367
1592546
7347858
8648416
7815999
8645964
7841533
5510383
8096799
4990151
4570449
4508209
5536324
5510194
5954579
5709078
5675601
5625500
5588539
5579953
3039701
1713024
5663244
8385725
8182875
4806898
2053977
6590044
8300476
3164217
8542401
8554258
1465657
8801674
8564244
8692751
6638680
8592250
8594869
8608470
7353991
7399894
7770310
8095510
5563146
1347815
8605826
7664272
7800863
2058183
4930186
5138045
1942265
1600612
7827960
5144755
1522962
1484830
8495652
1794582
5022886
1466330
6210608
6241002
6698167
7854402
7544504
4887658
7525652
7621651
6293797
6255272
6235595
6326288
6298393
6136806
5635390
5554391
8271108
1591555
2305451
5797235
5315992
8585491
8535336
8535137
8637373
4545017
8627654
6513261
7302039
7921548
7862698
2920450
1057279
1540935
7788290
5773847
1545891
6658807
5143574
1036447
2124180
1533828
1161184
8261635
5226848
6680252
6678439
5754674
3448192
5593191
1450133
1514692
7486269
5452440
5444562
5438096
5479490
5458055
5446891
5457396
5456369
5456368
5444953
3294302
1478755
1458842
1647190
2183630
4842726
1683649
1473621
7500704
3737795
8194907
8077583
6299355
5804818
5712063
3928073
5258046
8767968
7431275
7312654
7918558
8178855
7214009
7356339
6453558
8215879
7443303
8024865
7418159
8071293
7372482
6496331
6510122
6497093
6506283
6507795
6497706
6494734
6054976
5621566
5545647
6441476
8275574
5519861
5605712
8805569
5565632
5561512
5611533
5599979
5590616
5522739
5546572
7736458
7864314
3545254
8609375
8592627
8615654
8735795
8589508
8654649
8611892
8591591
8586970
8584217
5767223
2991443
3669275
1555606
7536924
7546224
7537455
7536620
7537096
7541141
7537467
7541008
8853311
7537292
1008152
2197615
2297292
2322105
2238206
6529504
8169416
8110263
8098896
8163838
8094823
8201613
1007794
5341203
8415466
1016863
1926136
8614129
1318009
3265459
6592952
7728504
5056924
5046077
5067078
5046893
5044940
5058263
7515524
7518309
7518308
5435991
8623908
1434835
1479540
2926903
4258612
3164629
2018295
1656563
1973934
6344371
2049401
8603058
1101119
1594625
5678663
5676106
5660542
5797827
1054714
8808837
8801631
8800960
8792627
6195053
8795827
8802463
8806405
7478676
3302305
4982552
2909684
2806538
2321012
6128849
7870643
5050283
3308547
7398615
3270063
4873020
4067347
3278991
4938642
6505647
7499142
8413048
7118332
1931122
7346419
4882089
4607410
8380449
4648009
1622147
1328795
7640211
5239929
7438196
5219122
5225106
5272102
5257897
5293898
5222880
5292092
5274015
5249099
7462949
7489666
3142852
5630085
1140217
7999070
1801343
7373634
7895423
1413946
7534266
3702995
2337274
5028239
5197713
1051927
7884927
7480482
5619588
8596560
1426579
5817425
5883727
7378362
8274433
7548402
7504925
2977484
1416319
5125099
7995532
2807262
1491664
4931426
8582208
2217740
7748165
5670235
4899539
2205628
1060379
1929658
5515847
5412376
5490867
3512896
7831768
1425663
8020492
6650368
8661989
8830040
8571382
5016469
6754095
8656421
5592885
5627232
5593402
5625736
5590791
5629363
5598105
5605730
7676682
5783236
5584508
6001937
8013196
6184668
8269159
8219832
6273970
7385886
6172322
5584509
1059637
1048415
6816063
5302795
1171980
8823090
8181115
8137916
7734659
6000625
7501917
4607127
6167628
8352117
1184192
8301058
5764598
5671167
5769031
5699608
5764214
6207075
5765357
6135078
6502889
5803367
6113765
1625342
4488936
8849132
5989410
1519088
1502804
8764587
8582309
8568283
8228165
8506639
5608860
7231358
8583404
7334354
7169662
7486468
8613951
7548543
7197512
8468257
7637127
7559039
6458847
6316318
6286197
6411931
6276835
6460320
6457758
8705132
6277980
6461719
3014817
2975120
2877667
3312805
7550728
8772268
7665072
6836780
1462189
1038430
1109488
1488076
2082449
8517011
5313714
2937048
2085515
2060567
6352354
5650463
1777198
1027503
1009719
1182450
1561650
1135060
1308582
1136490
4121086
2785611
5146465
2528043
1602520
5089245
1130042
1131586
1155027
1154639
1065864
1074172
3141280
8454037
8445163
1399333
7236070
8947635
8206337
5827133
5527991
3430725
7458790
1479233
8162493
8195357
8170697
8132324
8278342
8601085
8503391
8372800
8287960
8263814
8340044
8271717
2235259
2230876
2186493
2181926
7413524
2577234
2178457
2117937
2176748
1123436
1617804
4226639
1310079
7690861
1299187
1077485
1117061
2332603
1288425
1451318
8472206
8003026
8097051
8426981
7800044
8917227
8428634
8197336
8293525
8395347
7425691
8118877
6587578
8302433
8303875
8303498
8300133
8302034
8298346
8339296
8851211
8378276
8342408
4965216
5281399
5216495
5170778
5699068
5386042
5170011
5633769
5459540
6187620
2414828
2978393
2886862
5105190
2770083
2941382
8447515
8046975
5228637
2479472
8954964
6478217
4866925
6483539
8937722
7912047
8937870
7924034
7895778
7957777
8160228
8419288
8183517
7853649
7988321
8819700
8751012
8891091
8801178
8776713
8729383
8785478
1183419
1592784
1135595
5360935
1413075
7687506
7905580
8332448
8207954
8145978
1221881
7674686
7869628
1409459
5781243
5534833
2149393
4606168
8019097
2075918
8436773
4555412
1383153
5002063
4968735
5187631
5053070
5086901
4966198
5088319
4986028
5336811
7974106
2040997
6884550
7087981
6874609
6870069
6889742
8536232
7580240
8898505
7105822
7125242
1276543
1541489
1194830
1228532
1403600
1186281
6547196
7353124
4458895
1548121
8675024
8702687
1659842
5074257
4905216
1192747
1142374
1174333
1191776
1208304
5608444
2944221
1217437
1174424
1144928
4604205
5055401
5147329
7926227
6438065
1140480
3693467
8688923
8633457
1389499
6723566
7961606
1329229
7900141
6214304
5005097
5539399
1918453
4981778
7451163
2121337
8214861
8109684
3119525
1591849
1511075
1418831
7949048
5480000
1450058
8489769
4906428
1410506
5456421
8651599
5453064
5468436
5471219
8631110
5545840
7492362
7507428
6151682
5690470
5368474
6393275
6384353
5566837
5570753
5050170
8748628
5020465
5139008
5151256
5186619
5324346
5039648
7591228
7472160
7688954
7424352
7604001
8751657
7917521
7855584
7481393
8046375
1409509
1430825
1476349
1146757
1476760
2945695
2490025
3132144
5313913
1320363
5240981
7191197
3207718
1235386
1245692
1301059
1218948
8549862
8546907
1420463
1216976
1277446
1336152
3342305
3132288
3135725
3148135
4602141
3146327
3151208
3151547
7964760
3135813
3135783
5732724
2541483
3031394
3572120
2788805
2463824
3279626
3139787
3001207
2972963
2987437
4976466
8631649
1676729
5624165
5135984
6801053
2782172
4500953
4837214
8041482
5384247
8167711
1702367
2107067
4960568
1591422
1624159
1558789
1533052
1525202
1537211
1586763
5170130
4941379
4972105
4885384
1415468
2829366
1457225
1655240
1393192
5486476
1440769
1431280
2861778
1593210
5907692
5641486
5989235
5441785
8302755
3032164
5403255
8536563
8102940
6821899
5489296
5306115
6540707
5406627
5861293
8290634
5411477
7564888
2866497
1189508
2039771
3829730
5449795
5161962
8380932
5294110
4561085
4492248
1486855
1346818
3208679
6746413
3249461
5000019
4132411
8354525
3703489
6161271
6159889
3668772
1300471
1321868
7656584
7882058
7654089
7735067
7818464
7937593
7720873
8875113
8793797
8763830
8447272
5439949
1587326
1170494
5815899
1357539
8287143
1015123
1394371
3230780
1971345
8926656
5167781
8583595
1942160
1314327
1395180
2052267
1451499
1366847
1342302
1391136
1619089
1211623
1507337
1132590
5742959
8286515
8569392
8531792
1683533
8203792
1261929
8887248
3571463
8776459
7574855
1103956
7456511
1416893
7703325
7109208
8309237
7758759
7758755
7398192
2497984
2404197
2516881
2533411
3274919
2311327
2042442
2359707
2444210
7830199
8727267
1315472
2929439
5536704
4588500
5781746
2093077
5695364
8868104
5615317
4585276
8301960
8231002
5194937
1449280
2961124
8195067
8387273
1029707
6065352
8008211
6722285
8114018
8354624
8377198
8338737
8437022
8385020
1013479
7370950
7349831
7382085
7572085
7425942
7387337
7379338
7808418
7624758
7391095
1083479
2044309
1393869
7809478
8363947
5062851
4973883
5380459
1255292
1503934
1522779
1096079
1974108
3578493
1215292
1095796
5097097
1035566
8018521
5065378
2734730
8380209
2005799
8484633
5378165
4934720
5381514
5000728
5681488
8380357
6300334
1050855
1163898
7837022
8584114
8576541
7175139
1000757
8661887
8610693
7587776
2057957
5453886
1600308
8750461
4785051
1157910
6500618
8807787
1342795
1302572
7562659
3516711
1259844
2907132
2819705
1194478
2926583
1313966
2533930
1039054
5194142
1004919
1360433
1008300
1278241
2971315
8407917
7946873
8676836
7967299
8532228
8058831
8018864
8002247
7995888
8694602
8695139
4981885
5129865
5040891
5137349
5155791
5712226
5143036
5142500
4501616
4603837
4582497
4571540
4558651
4512425
5749439
5620634
5643098
5777121
6726007
5617634
7639424
7259641
5633300
1182463
1533833
1300997
3486614
7105588
6720063
8759626
7441294
7499645
7506253
7502293
7523643
7499408
7504583
7845797
7579250
7551374
6621760
6620185
6619998
6617044
6615421
6614924
6293758
4570229
1929065
1224400
1016877
7381466
6676822
3338596
2207362
8947339
8886370
5837084
7177727
6270305
7990249
6858453
2136104
1089104
1217036
1126939
1212397
1113490
1002242
1845072
1610020
1316639
5559008
6300285
5571722
5255399
5585467
8072901
5232408
5549718
5468374
5404304
5379020
1132310
5109982
6268249
5769049
6268277
8577940
8817724
5104445
8580928
8836370
7992873
7696483
7831528
7249182
5052219
7581891
7664295
7759401
7321400
7298997
7102687
7605778
1548730
1707739
7589219
6186914
5994526
5424735
5992695
2258626
1591924
1236149
1229975
1142347
4475435
8681240
1071117
8489660
8544760
5691715
8637287
8815664
8857345
8820498
8811010
8876788
8872464
8870617
8866855
8863792
8861384
7867984
7911876
8576984
1548138
5771305
2083828
2161915
2919373
2423339
1958184
6678028
1167823
1057309
1349149
4865063
1095462
1404635
1075677
1275745
8453677
1045449
1015238
1056373
8534045
8448743
8451529
8454555
8455036
8428689
8404741
8450330
8459486
8451918
8450590
8519590
8722618
3207436
5422012
5418350
3046070
3210372
6537811
5793537
8568077
8559354
8558528
8557070
8918607
8910771
8946548
8938566
8899787
8860083
5553918
1593552
2947343
2016215
6456290
5199825
5552246
6712274
5788203
8783531
5722466
6492809
3337820
1305832
7339264
3048026
5140294
5552160
3230669
1357370
2429642
2455223
2333386
2434533
2429381
2432465
2818467
7580097
8346359
4846626
8028973
7621439
4702876
1616006
5264444
2300368
8779730
8546463
8537264
5345729
2036831
1891076
5466262
7631347
1328763
1193156
8603458
8606751
8421499
8603262
8620213
8218343
8624504
8619592
8394649
8640434
1272078
1452250
5081314
1891817
5024069
8418612
5256142
5181263
2018416
7752148
8240284
7917868
6539062
4934935
4977682
6530346
4918576
5774731
6360115
6044299
5920609
5273701
5155582
6656155
5669013
8776319
5683173
5871244
5672573
5669707
6493781
6642932
5700384
1156150
1434470
3110232
2927594
1459192
1374761
5772720
2271957
6568794
7162184
7967910
8830572
8941024
8940042
8927209
8918566
8880878
1693775
1197192
7499710
4692715
3576758
7268507
8830557
5379397
1357672
7884865
1163931
2993511
1577045
2025049
8675018
8660943
5771691
2939020
5345106
5621501
5684898
5681817
5878024
5878023
5095619
3331704
1045924
2456622
1062542
2020921
2799853
5454243
5031894
4795281
2051870
5584650
5394548
6841623
5571179
5582347
5749567
1525741
6495659
1641103
7129794
7451669
7464426
7391215
7549833
7463836
7828452
7596978
7671185
7516882
5866424
8795894
8228807
5255373
2113280
3431408
8641176
8544699
1558784
1508893
1517185
4517537
1516733
2098188
8265169
6448096
6532963
2077855
2072074
1009284
1266595
5023401
1204031
8931133
6312799
6410166
7855353
6356693
5015984
8385413
3148398
4908157
2899870
5098109
2982095
2894232
2892435
2944734
2939394
2909471
8595225
8412519
1099908
1005335
2110578
1162611
8540963
8528133
7607080
5350689
6377361
6636480
7858584
7815427
6543760
6605090
8135846
8406457
7689278
7622750
7739386
7629963
7620942
8181523
7660660
7629793
7625848
7905932
7742438
8875228
8923440
8899993
1363049
2826255
1417468
6178673
5116326
1428095
7799232
7735787
7059879
2054556
4521917
2108647
6007055
1923409
5802951
5440519
7446740
5902090
6528249
5834371
6700288
5727700
7443181
5152326
4460177
5152037
8938535
8589294
4956908
2874378
4964177
5458730
8649022
1902322
1294027
7531947
6206368
8058777
7346715
8173858
8336459
8509628
7872176
8825872
8544662
8381495
2738080
1480565
4616471
1453215
7884061
7885559
7892600
7893160
7891216
7871517
7901097
7894976
7916189
6226650
4468883
5704867
1271938
5238283
8300969
2886137
2774114
8356482
8478972
2952788
5074538
3595606
2220797
2258321
5281834
1591340
1361899
1290101
2469811
4589266
1442545
1142927
1097003
5300755
1542766
1066968
1078436
1014206
1016601
1000887
5013547
5054091
1006268
7206149
3814117
4908636
4948561
2764730
3046381
7229995
1473552
1051742
8543454
7624226
1019647
1053510
2156337
2075980
7629629
1015438
1020199
7377524
7446733
7441550
8187408
6925991
6492073
6766061
1097745
1992447
1139915
1457879
6441098
6162807
5698456
7485153
5577165
5902157
5608713
7798087
7683513
6695970
8929657
8418273
6284143
1335492
1092731
1590949
8650587
1004474
1940390
1046218
1910508
2034106
7429185
5433672
3306240
5473973
4486945
1179403
5087683
5168061
2130371
3292620
5036310
5571982
8475098
5763154
6678455
6653878
8830250
6731882
6317122
1066323
1077870
1065360
1066555
1066308
1065647
1701733
1214758
1078974
6375941
8547477
1496835
1805270
2987481
2045743
3008870
6136133
5618533
7948641
5991129
6255588
8617584
5185893
1252640
8704311
8347066
7207387
5141972
5514284
1399815
5060598
5257452
1386594
4917032
8272312
5542780
1436582
3347487
7251334
5299157
3184739
7519617
2045952
5359632
1588213
7534834
8723408
8438447
7666154
7367648
5725569
7469531
7596257
5492377
6148696
7778662
5155625
5052978
2969188
5424476
8237516
3764025
1477706
5038668
5026292
5026239
5026647
5029866
5106254
5025872
5025417
5026678
6203148
5504856
1294887
1215300
4553615
1359629
7673721
1144031
7673722
1155471
7963488
8037353
5653205
2002253
4939545
6499521
7696880
7367783
1591866
7845726
2229123
6851514
1258126
5730817
5746887
5746970
6807020
5747020
6534459
5458467
6523637
5757171
5832238
8657822
8622487
2993201
8585871
8914609
8914607
8914602
8755692
8762483
8791646
8787363
8786930
8786013
8785607
8784512
8784146
8781212
7479959
7480445
7528949
7482296
7486793
7486734
8712642
7525526
7623652
8389902
8375689
8357728
8382640
8381009
8381010
8380726
8428640
8611382
8435270
1344442
5713589
2205068
2244677
1388358
3358119
3312066
4877274
2233963
5950290
5771543
5062057
4088320
5601932
5523957
8944775
8952016
8949200
8947308
8948854
8943254
8943081
1572538
1571352
1568435
1662477
1568769
2003776
1558657
1615780
1563801
1590219
7911612
8351475
8147293
3850114
7545557
8887262
6720827
2253458
2567503
2076154
3251352
7816841
6206005
5426434
5613860
5623767
5639716
5712539
5627827
5627824
6488962
5684417
5637673
5624534
3378881
1313528
3386042
3310653
2016229
3253455
5108824
5829931
8635182
8518330
8345025
5606311
5610039
8530948
5608730
5610264
5606369
5608832
5605632
5616642
5614840
8361476
4581377
4518606
4611991
4524205
4524876
4621064
4597819
4667166
4623951
4640237
6064803
6079393
6043011
8090106
5388510
4506731
8585614
8198968
8205845
8245682
8224924
8594911
8218988
8215855
8209184
8205026
7749898
1595173
8178519
1516226
2984683
8466089
1195603
5447587
4147780
1034660
2060255
2566364
5791224
7808060
3147051
2081974
1645438
2176118
1881820
6472235
5541021
8443716
5774218
4664354
4737466
4737482
4733114
5108463
5108187
4977404
4658521
7386559
7386558
7658040
7572711
7597625
7662111
7552458
7856112
7638215
7597752
7700888
7651932
2065212
6571360
1775095
1245708
1313678
6254150
1352467
7741775
6557541
1593796
7109246
7061685
7154516
1160119
1153597
8519867
8637537
8480549
8479653
8673187
8644203
8639772
8584500
8559869
8555676
5285151
3000275
2900674
8258559
8259125
8707673
8498080
8422117
8252298
8422207
8292389
2852896
2422451
2558732
3427861
5443687
8557013
8846611
5308270
5782607
5799115
5460081
7435689
5893204
5832505
5779283
5800767
3842311
4894590
3828055
4905097
4867799
3958154
5327089
5310495
4918958
4892507
6217703
7172133
7912636
7828826
7155905
8201944
7782618
5019952
4796234
3394277
2969902
6819805
6415501
7819881
8397246
8375945
8347959
8125026
6875794
4907805
8736875
7538438
8713405
8666989
8644403
8307191
8288389
7958510
1011740
5486760
5414902
7114591
5538432
6654290
6299268
2773827
5540275
1572836
7511934
7490928
8616306
7537566
7528269
8649428
8237089
7471516
8225180
7529127
3292659
2865938
1374176
2022605
4584511
2853684
5132306
4948155
4562352
3341790
1441614
4535873
8681222
4625035
5048610
4562492
4614451
6320932
3387440
4672971
3174641
5440993
2409765
2074008
7763560
7504028
7510660
7523055
7497513
7629917
8624522
7920227
7574219
7650103
8115760
8094716
5358753
1108003
5067951
7559265
7555060
8048596
7558686
7556613
7569677
8006142
7961146
7915526
1281531
3740501
7534342
7598250
1268857
1093626
5490220
8755584
7417405
6752536
6692602
6635961
6438750
6444644
4464631
4458711
5126930
6158571
3751272
4434845
5169299
5174615
5806197
5256250
5168702
7101607
5178080
5391881
7462344
5217242
2385329
1308600
1400496
1600480
4712711
1830323
1282059
1263687
1577411
1398832
1711882
1945136
1987760
1928941
1701954
1702329
5264388
8470113
8907463
2244419
4613490
4489559
5721083
5232581
5186193
5329908
1105711
1346437
1115761
1105003
1483424
1168142
1096189
1137233
1313733
1124760
8732285
1046473
8563544
7774507
5704424
1423135
1010057
1551565
8837775
5466462
2826563
3048767
2938882
2025661
3793050
2623211
2566543
3583840
4203215
7261038
3082894
8908337
7613056
1240739
4819814
1624483
2894794
5313441
3111376
2926234
6542995
7604908
8956210
8594287
6557599
7827512
5521332
5518017
5516371
5517291
5516959
5608267
5534645
5633041
6518908
5733440
4545464
4520314
1487677
6587193
1554804
7787604
6535505
8889777
1491498
1553107
2520025
1584705
5313226
2698609
2999563
1531934
1274965
2095511
7925064
2050277
8662748
3033119
2999881
2927967
3054387
6317700
3262598
3172715
3141269
7737453
5619366
7446539
7451211
7453015
7445812
7539166
7601511
7538381
7537375
7523127
7451056
7764866
7762219
8340890
8763163
7836098
7831043
7961600
8607706
8583423
7782260
2831025
1541090
7941970
1939675
7917264
7917255
7914821
7914703
7911057
7912855
7919755
7917277
8437189
8598346
8250249
8288239
8242414
8269204
8261484
8177687
8243165
3261231
2993386
6807080
1578203
1580186
8881006
8824574
8820995
8836285
8860527
8917689
8887257
8885385
8885354
3116378
3509204
3043048
7834782
5929203
5930619
5880912
6149915
6161039
6385921
6699500
6162451
6148809
6198000
4541455
2865685
5866307
6572174
8610962
6581819
6572861
6569962
8602436
6709631
6569697
6681930
8894398
7186204
1793109
8753008
8875321
5116189
5135167
8573177
5056780
5116124
8814209
5127078
5141468
5121875
5142988
1059299
3003017
1485682
7169169
5897065
6254129
6834651
1885159
1713688
5627134
8719806
8197960
6287316
3430735
1805881
4946439
1707789
8429748
5407337
4591130
3982732
2074729
2068198
2037666
7886841
7945542
8115700
8897151
8032793
7909781
7909782
2882211
1111041
1009573
2993187
6181587
6493015
6249651
6660261
5518297
1309640
1395595
1373493
1202422
5636527
1208947
1201833
2775400
1437067
1219249
8105817
7365100
7375171
7164250
7637988
7451611
7512946
7384151
8010131
7186877
7485341
5388516
4469491
1452921
1957187
6541541
1498269
2157285
2143972
3309563
2881114
2101773
1076831
8673609
1431093
1633436
2557778
4639860
8346476
2957001
8490953
7353274
8716120
8898933
8817561
8900793
4050009
1187740
1201250
1110010
2782501
3151521
1355630
1211181
2556576
3171216
1437963
1237138
1399146
8489727
1160910
1120714
8709104
8539006
8576648
8539206
1016818
1224392
8686032
1016854
8534386
1014841
1018401
1017683
1019586
1016405
7625452
7141234
5940082
7856847
7216103
8218832
8437445
8055134
8919236
8205417
3608963
7341786
7692235
6867306
6670241
1453397
4951624
2735386
8013856
8945069
6527190
1193249
5290688
1590529
1050330
5569833
2871471
2909774
2854045
3007836
2808344
5581944
2892317
2864294
7916873
2983459
5969016
5819616
7166926
5773510
5820605
5813331
5789172
5813332
5748358
7664156
8442450
1308108
4485788
1559938
8484638
3789081
5086817
5209296
7368529
4514242
5447904
5129799
4526323
1381627
8926663
8888778
8885636
8832209
1393067
2337821
1369982
8699128
2149422
1047928
1490130
8909926
8682595
8593348
5676812
5663248
5691336
5675151
5675711
5675780
6905302
6652107
1541258
4531398
5090664
6663563
3295342
1067546
5337984
1094031
1393798
8834057
1602576
7335368
3545274
1491798
4988777
7832030
7869711
6592668
8461996
8401052
5213201
5201462
5202922
7119598
8642048
7929996
5929790
8910573
8056460
5875127
5215434
5782286
8370041
6314961
8645547
1066572
7350622
8488918
8313193
8060856
8040245
8083344
8058987
8052264
8050575
8625344
8544594
8486282
8349011
2264275
5592618
1528226
1060450
7944154
1641266
7587086
5171230
5139274
5776202
5121883
7331764
5640332
5632359
5164982
8610226
7732332
7915516
7500156
1147774
5065196
5432860
1922487
1074670
7103904
6715364
7043269
6904828
7872077
7117572
7489559
7828897
7612244
7379037
3492544
2134758
6339366
5504954
8048242
5825467
8657196
8340634
7432992
6537596
3283854
5162156
6253091
3300025
7472746
7514073
7580011
7454041
8219268
8181759
8033812
7754800
7570366
7869949
7502394
7688483
8583857
7828336
7873982
7752793
7234159
2162801
7964904
7965319
7964626
7967039
7998779
7973632
7966060
7980288
7964276
7973466
6147315
5715132
1713487
1320184
7176646
1488874
5328581
1586708
1244772
1474637
1573048
1929009
8257882
6503077
2455671
4690962
3409467
2981816
5638227
7753420
5727217
1177883
1119802
1285675
1830299
1096500
1072450
5263870
2325329
1174312
2088416
1368216
5220447
1411966
5348965
3044861
8922469
7457176
7029228
7575205
7556289
7672932
8363970
7556672
7602980
7648446
7568592
3683544
7522902
7548107
8411541
7547163
7856874
7584342
7556795
7547689
7535061
8087440
8357515
8742637
8246886
8476652
8376467
1443729
4955537
6550942
1384376
6650665
6580716
6306743
7569998
5039776
8492108
8545364
8492733
8502825
8926452
8851852
8825419
8769385
8763060
8612682
6839901
6845028
6841666
6839801
8612366
7275133
6838651
6842069
6839938
7546990
5614821
3744036
5623869
5643626
8729826
8735804
8715042
8739769
8748276
8738937
8795871
8776128
8739506
8754915
1197808
2036127
5302268
8509174
5536840
5628962
2961287
3295500
3692389
3451593
3226253
8575093
3440661
8686706
8584635
3526995
4931556
6571045
6569494
7756381
6636968
5262649
5274504
3927192
8855595
1159651
1169079
4762793
1409351
2014348
7757327
6242250
8054093
6147486
8652843
1565727
1556905
1926431
1578283
1549779
2184998
2332298
1493766
5204170
5107269
5791854
5641795
5684212
4915107
1602379
1368276
2074887
5838360
3604408
8600646
8527228
5532248
3882185
5239590
5161951
5296186
5098198
5975798
2150811
3141091
5534062
2176594
8849327
1512632
8465189
6300406
1018927
8647177
3711245
1451095
1748296
1475344
1561572
5672724
5680783
5672830
5364236
7370457
8619169
7703626
8411756
7360126
7377601
7468900
7439011
7431744
7457694
8575976
5781941
5580506
7734092
8813185
8412260
8191682
5598612
8428056
2301135
1270218
1395747
4874634
1467989
6487400
7460224
5136379
5065053
1136880
1090739
1369953
1235058
1483089
1087020
5577908
4626525
3134497
1374541
1303013
1518131
1504899
4869085
2896628
1082568
6190685
8005173
7999785
7998785
3294855
7499186
5084146
4906424
5519016
5526054
5515515
5517180
5615710
5529091
5506676
5515698
7222740
5548524
8601665
8033366
8828797
8606985
8005151
1209817
8630245
1124521
1005057
1165269
1164413
6143013
4463485
1050775
8586226
2779314
1014549
1577160
4553614
8440714
8330383
1463628
8301645
1941969
3430492
2146564
8933130
3495025
1940976
6603895
6634337
6661498
6646024
6649871
6661629
7378540
6652324
6653263
6653238
7916172
1565069
1157614
1262846
7461164
8567283
3135101
3400998
8251316
5454636
5739644
5775715
5881192
5600309
6489457
5819764
5800666
6211769
5806916
6451544
4565863
4996953
2349132
4608086
2042351
8008608
5479966
8837599
7522222
7275290
1042401
7581353
1483739
8697309
1105223
3301269
4927189
5836506
7773226
6235171
1931782
5779600
2017793
1958136
1912711
4986569
2135107
1938937
6141923
4589414
8132632
8272488
8296952
8379167
8174216
8889182
8784162
8636123
8298999
8548344
5284928
7745668
7748158
8685688
7647120
7652005
7557809
7561824
7561771
7561327
7565627
7548421
7566644
1581743
1578547
1579186
1582733
1611422
8699402
2259004
1588257
1571480
1569282
6662538
7592650
7957833
6539984
5471254
3578587
8350384
7751581
3359347
6768701
6643940
3344320
4870407
4822459
4911852
3706050
5006429
3709541
4907583
5316691
5001952
4624380
8621233
8707614
8701252
8701245
8621130
8620579
8693128
8692686
8691784
5429862
5638497
5544939
6396176
6118553
5831418
8927135
8782771
5406752
5600024
5285420
1143521
1329773
6006649
7467843
7467687
7511982
8385697
8160904
6211928
1749157
1577699
5591492
1586164
5836301
6616966
7946953
5089308
6394127
8854115
8899567
8863387
8895813
8875477
8875330
8874368
8874237
8872322
8844591
2176921
7528656
7529410
1488020
1469909
1518715
1456334
1449699
1449128
1449220
1449149
1449157
2927155
8454723
5555688
8875242
4615151
1501200
1479702
1640866
2048827
8743117
1181889
1478939
2074193
3703419
2028629
5329627
1080258
1192873
8858932
5455973
5301950
1924978
7546453
5477093
5595509
5497471
5594153
5478901
5645162
5605412
5860759
5654019
5489497
1088285
1135911
7332077
4544294
8931081
1263770
7323498
1495700
5633281
7566663
8752442
8574452
3105605
5955528
6748417
8951680
1072934
1208051
1324979
8688575
1357144
1275555
8688965
8587988
8556761
5274568
7439061
7418685
7419579
7417787
7424914
7423777
7440420
8652989
7482859
7446623
6303553
6655641
3850249
7910547
8900533
8484093
7839365
8866942
8487841
7944654
7841824
7953942
8111213
5656624
5663099
5658108
5719549
6668902
5505468
5508389
5507276
5511073
5651217
5581526
5536861
5513971
8083067
1334534
6409880
5656419
5656417
1388132
7741100
5402134
8353282
1309677
8567047
1296452
1241339
7373950
6696479
7734216
7448450
7594591
7597786
7591755
7745194
7593485
7587709
8529127
7774800
6628853
1798354
7945929
8116054
4670701
3342845
3688992
5420603
4966336
3047354
8593502
7811073
8082314
5426447
5592153
6163581
5887883
5559613
7280798
5630404
5566411
1947375
1422297
1507359
8209806
8208651
8153573
8113306
8111885
8111752
8111707
8567998
2322121
5511890
8281711
3306352
5561299
1383469
7437528
7417614
7479905
7447621
7925126
7464296
7444766
7942755
7927425
8871722
8885917
8858784
8939622
8898114
8955287
8948586
8922694
8911787
8911407
1424845
8595217
2353041
5334080
4091605
6845667
5022071
4536329
8402868
1819481
1644601
5397269
3178600
1831500
1752298
1717248
1699663
1695251
7951769
7171399
8444248
5540471
5600066
5636069
6171635
5644929
5606675
5597582
5713750
6332303
3447668
6303753
7123422
8841146
7947164
7851199
7866305
7856399
7850646
7893163
8105644
7990347
7827975
8780564
8005087
8854005
6582151
6844821
6789458
8519207
4924690
5414753
8065911
6612238
8429441
5189860
5455149
5189959
8305669
8618324
4962272
6504477
2124387
2834645
1215450
5664672
5665887
5669124
5666123
5715964
5664646
5663328
5672541
6128075
6314101
2807302
2219055
2938616
6447887
8744597
5076293
5068123
1166533
1574955
1174205
7451785
5561559
8215012
5999139
5797891
6200941
6516516
6020653
5993269
5972380
5993240
1454318
4641844
1864838
1563616
3590728
2121606
1641011
1534642
2151161
7762492
5089460
1521010
1304955
1014212
8182655
8430341
1441267
1104070
2782295
1386669
1035110
1711991
7451585
1158334
6682939
6739811
7130303
7168434
6838605
6840444
6690352
6684774
6684463
6678046
6147406
5316320
7961594
5324233
5425209
5471343
5637345
7309331
5496727
7449669
6379001
8004154
6768711
1756923
1313566
1227327
8517614
4968570
8539960
8371332
5367810
5379507
8032281
5364243
5378783
5445336
5429650
5383431
6821911
6003927
2198447
8639568
2465914
2293982
2359401
2946114
2166869
3557602
3187559
2989283
8629494
8557589
8913289
8781355
8773417
8767149
8558299
8198974
8212765
8001752
8865778
8013732
8137974
8051184
8942992
8690124
8496516
7522822
8841302
8841039
8840838
8846022
8841068
8844808
8950346
8947248
8876628
1113670
1472410
1172292
2968492
8102809
7367114
8120907
1192188
7537234
1572965
4614077
4686854
4612902
4610596
4865461
4616168
4611421
4881777
4846623
4984223
5300964
5281447
5287429
5266291
7546936
5314054
8583736
5297681
5291900
5756943
8892749
8609768
8897585
2459531
2961117
2730201
5353244
3697777
2877184
2832417
3545162
2988838
2793414
6492886
1469222
5287964
5375554
6283431
5640260
1622163
1514137
7991407
7683853
8716979
8409291
5445285
7703927
7507118
8821242
7752434
7558029
7447755
7680796
7607297
7507093
4548449
8195797
8790155
8705164
1357176
1441022
8066645
8569164
7854106
1590323
5927116
5528585
5561307
5532581
5498627
5583527
5526195
5521610
6573012
5980374
5715031
8920617
1062290
1086216
4907307
1395522
8604015
1136769
1305715
8660002
8689583
8666033
5181954
8376306
4819057
2409566
8421009
7462730
7462198
1348096
5418532
1310181
4460899
4459789
3512902
1730086
1162573
6513643
1568380
2223573
2368530
2429301
1971958
2300556
4508342
2800745
3571892
3120131
2942206
7106659
1599074
1146790
1643651
2072544
1519464
4504779
5490881
5490277
6800981
5489334
8864598
8639372
8832692
1325031
1926235
1421315
1095077
1378180
1348299
1258671
2210403
1107805
1095540
1127288
1121312
1535514
8750965
1004638
1562808
1045225
1564581
1098727
8631174
1347972
8921354
1120125
1312202
5591662
5631117
5743842
8615242
5572341
5673951
8535985
7449911
7414477
7522359
7442994
7488386
7816530
7473288
7527083
7633075
8457549
8443103
8631616
8446551
8377089
8410837
8386147
8362164
8271569
5102195
3535516
1402489
7402122
8944439
7936400
1110595
1056768
5037542
1382753
8270023
8670899
8939755
8849475
8763085
8663274
8896056
5025661
4954309
8141658
8257026
8138468
8379077
8337033
8266222
8134395
8257069
8341762
5822704
5505197
8806232
8239157
7576027
8163847
8544243
8535711
8780599
8141532
8544245
8301266
2053938
2973791
5145009
7784249
3462778
1392180
1350648
5424451
1503305
8391137
2032266
1448794
1410168
1418601
5827493
6789823
1015073
3433200
1339485
1327018
6600915
1135638
7551642
6315176
1402287
8878705
8582855
8193846
5681361
5514237
6194964
8675468
4878718
5026378
2358801
2027334
1508111
8327901
7728201
8920402
5483095
5458243
5383553
5528651
5623322
5726030
5589391
5531893
5474448
5683180
2252173
1022512
1100986
1246384
1039205
1117459
8819549
1609722
1265652
6541352
7961516
1601540
1303626
8557098
6297633
8820690
6607254
7617097
6818331
6390142
7543362
6357929
6690961
8950772
8918476
8910156
1382985
1047089
1609990
1001629
1388506
8681183
1004223
1040824
1525029
1166088
1129794
5309182
4641080
4186824
4741036
4497596
4668035
4860181
5227812
5070532
5205459
1310100
1000566
1415780
1026754
7636379
8535868
8696538
5638297
8688182
2791609
1332495
1182801
2873241
8615043
1188619
8585184
8731894
1609961
8650037
1437768
1002662
8712827
8713513
8660759
1023224
1045593
1604332
1005324
1001617
1003082
1025688
3041477
8365477
6443887
5063167
7636221
7642606
7692461
7700593
7709845
7857929
7624878
7722686
7711685
7717083
8676668
6000220
8527636
6322602
6499898
6098841
6169548
6130209
6688347
5839137
2206788
8889657
3143306
4262439
2035450
5154750
1582849
8933320
4455702
9033181
8873860
8857078
8853413
8824423
8875956
8875651
8544606
8514773
8769899
8526792
8509768
8512616
8535149
8527195
8914769
7490640
8646999
7400508
5658488
4125137
5867667
7569264
8380064
7748800
8073680
7904124
8118769
8549267
8544012
8457255
8430553
8590014
1189710
3018626
1209958
1562673
4926859
1102193
1240677
4521442
5133058
1265380
1220543
1224757
1267105
1227701
1241157
1224734
1395071
1296180
1228998
5815570
5805750
5822684
5808687
5828248
5806884
5900786
5821512
5838093
5815957
6125821
6128502
6331176
6352279
6193870
6432504
6530440
6208189
7757300
6197891
2606685
1649824
2518742
2023033
2721617
2053702
4547212
2574791
2498318
2053841
2102042
2122120
6664227
2886021
2032083
2301428
3571617
1461387
5981223
6129566
6221667
7882264
7909531
8213271
7876155
7875575
8221353
1162615
5696135
1584262
1192129
1351013
7724828
5581604
6408577
6320711
8932873
8925187
8941012
8929347
8930088
8933212
8936785
8950053
8942167
8946965
7606063
7607144
5558833
7789348
7393125
6331072
1267360
6594907
7110071
7110048
2044835
5415474
5467177
5401746
5470093
5418821
5426147
5425178
5450430
5615284
5482184
1067846
1053344
2787700
2934616
1148263
1123446
1116640
1113516
3301908
1459545
5503632
3350879
7679360
7612203
8135943
1516286
3460025
1591528
1394606
2117316
2238101
2087165
2258683
5084572
7421539
7798250
3433278
3253296
4540906
3488717
8315905
5473653
4999105
5029886
5610782
7706710
6587481
6376752
5532437
6156854
5652783
5556002
5912077
4990800
8549873
1464055
2136132
1551305
3340874
1245209
5470451
5616286
5534496
2202478
8551988
8154730
5802234
1451228
8015421
1374528
4945014
5044582
1924808
1082367
3306044
1926663
1921621
1390026
2168409
8204141
5340454
2361254
7152367
7152370
5004392
8489738
5279979
5227198
8603641
5189058
5121516
8567194
5144795
5144794
7560561
3156070
1348330
8187321
5587883
2331849
6814870
8118286
7244106
5146753
5681078
1090835
6555058
3928359
1549081
3061863
2983326
4586318
5867283
5473816
1372636
8510915
5420206
7354221
1485688
3290474
3275588
8459873
3261159
3265640
3263609
3266178
3251462
3294600
6133618
1481070
1476705
1475455
8896929
1409271
1505924
1522621
1479138
1512348
1480753
6475065
6483533
6512488
6517817
6627661
8544132
6724520
6649753
6590579
6482391
3295572
2791527
2893937
6397756
6434888
6430755
8159004
8835281
8097092
6497063
7400058
6452795
6439743
7431751
7471034
7539678
7713833
7957271
7830282
8822932
8714401
8695660
8478207
2207909
8934489
7366693
7876762
3630617
3752912
3711917
3678018
4796838
4316556
3595680
5359594
5356752
5152386
5396581
5125008
5162966
5512736
5350655
5326235
7506662
7443046
7237619
7529252
7467623
7519771
7995285
7968415
7567473
7534610
5447352
4268229
3562728
4246142
3566820
7780579
7762242
3279604
3282630
3315732
1064230
1154169
8603370
8586924
1138414
8644326
1026469
5156187
2938028
8853237
8837506
8773732
8492605
8601668
3299538
3155514
3311561
3283330
5168357
4816650
5073729
8913283
8895224
8884702
8877504
8860177
8858317
8850645
8846804
8858698
8991181
4462009
8887455
8658916
5017464
4030884
4596913
4334900
8990844
8981031
8980386
8970793
8965600
8956748
8956102
4462693
4464081
4529288
8562307
8560886
8885479
8885255
8885238
8885145
8885113
8883190
4624382
4148038
4904448
8883187
8883168
8606065
8554371
8781477
8500980
8603472
8897539
8867630
8843735
8795874
8795873
9024425
9013453
9024988
9026095
9031209
9026550
9026965
9031387
9026886
7662423
8542664
8246728
8773622
8916261
8831367
4924706
7604224
7611623
7615231
7606713
8569757
8564504
7761145
7610623
7609639
7647950
5458056
5549223
5515575
5489440
8915209
8861339
8732535
8637723
8610318
8603824
8570745
8569314
8334328
8258387
8751811
6441187
8623170
8707758
8699907
8773721
8746647
8699855
8837335
8822653
8750986
8854310
8208696
8869028
6518359
6142165
1234265
1953496
1293625
5064807
1238103
1623967
5970483
1448134
4928830
5602271
5593781
5602559
5595316
5685963
5605459
5735928
5604999
5603475
7917657
5225542
6293820
1545908
8782653
7972433
8885973
8638973
8040725
7993018
7987619
8852361
8416357
8402739
4880123
5599178
7920625
1033959
5546432
7688681
1314527
8848450
8847961
1752553
5346061
7431483
8084904
5009376
5117249
5105112
4975680
8704682
8585711
8533428
8335952
8503761
8354387
8333969
1364276
1559540
1364892
1357354
1324212
1336503
2198837
3864711
2126212
1442519
1119814
1169649
7536956
1330917
6522224
5453813
8252294
8402431
8283970
4854040
5126324
5110279
8045605
8767599
1395882
1114913
2895648
3248307
1025479
4493005
1560169
3017774
6414417
6336723
6622882
7390107
7385199
6374776
7224772
7653437
7832598
7680983
6104053
7185936
7192873
7210993
8174764
7280430
7571784
6282093
7871251
7833805
5044488
8671847
8571484
8630281
1935261
7475257
7474854
8015379
7478783
8367928
8355810
8020133
7507732
7481559
7472434
8427033
8457684
8785493
8612388
8538473
8507050
8413140
8412121
8410007
8421017
6758150
5377565
5232616
1051983
1050591
1053498
1152218
1053041
2931202
1437181
1071725
1050665
1051280
2996933
3203431
3057032
3227548
8947927
8327877
5208938
6510635
3220110
3254271
1334357
8558435
1218386
5375593
1303742
1363907
3018504
1345668
5375700
5375592
8106410
8105466
8105461
8857484
8493258
8337300
8299661
8297962
8219873
7838556
7800457
7756954
7809303
7780677
7867081
7785795
7888844
7815728
7796491
2066897
2031034
2035609
2090192
2037109
2152395
5797208
6625665
5632403
4488950
8283930
7612198
6475902
6485141
6479683
6479665
6734379
6539559
6538358
6481142
6479455
2324049
2328362
4731188
2763902
2858809
2860144
2698299
5478001
5374146
3848978
5182115
1386732
1283254
1359123
7923129
4601115
3124833
1532905
1359528
1357936
1350645
5156623
3615637
1270005
4307987
4556099
4600176
4241240
4905567
4554695
4567940
8660957
4831029
4657479
6865275
6771095
6760612
7701497
7127851
8049332
8655596
8850556
7247398
6833497
8436794
7432035
5682818
7528599
7453944
5705008
5484449
5946777
7105813
8832170
7552687
4502733
5702747
6649141
1165325
6667087
4989498
5427710
2802691
1540918
2390804
8645941
2376728
8697240
1625263
1366770
2375489
2415884
5533756
6003055
5998308
5690793
5998366
8661924
8531901
8694476
6001201
5869451
6002123
8635344
3689467
4499866
1081814
1490789
1033136
2390950
3319150
2938994
4949902
6133462
5758636
6121156
1338202
1037624
1119552
1015240
2218308
2009260
7786417
1533564
5602674
5650136
4932419
2130624
1615826
4623626
5535775
2171673
3020115
1961245
2288713
1666452
8458823
4611472
3430692
2053798
6008938
2041787
5050600
2575602
2093102
2075230
2076087
1661667
1637385
7216146
7231514
7218867
7213455
7217187
7217213
7215772
7215894
7215579
7227171
4461418
3709490
3137489
4467463
4923878
3514081
3455479
3308775
3428596
3302141
3305341
3308304
7676632
7785685
5686820
5662056
8662126
5780921
5621874
8670237
5582211
8182937
5820967
5690833
7458085
7582815
1034304
1341177
1036578
8696035
8584900
8658561
8892381
8644195
7885523
2009196
2771742
1214295
5151077
1107615
7649045
7890119
7890118
1369486
8543306
6260593
1570442
2969987
4458203
7379269
7997999
6836989
6354825
8936944
8612079
8951964
5916917
1161109
4930634
7825184
7669241
7715757
7656126
7972247
7807849
7341307
3700474
8573419
8688149
8910868
8525807
8581746
8547556
8541871
1303069
8614615
8834501
8937718
8710280
2018662
8706351
8687120
8626684
8612034
8760304
8897903
8891284
8910444
8868816
8892145
7628464
7744678
8652635
7834957
7502368
8076117
8006420
7838826
8240949
8078917
1334888
6569240
1535314
2223511
1291316
8068952
5452205
9034966
9032191
9029971
9032675
9032578
9032406
9032301
9032200
9030995
9030994
9055892
8981128
8858805
8856944
9042445
8991647
9040329
9039972
9002296
7767344
7762537
8200504
7757557
7418770
7682754
7815863
8862899
7599594
8868602
7421119
7578772
7423178
7630082
8966655
9044097
9043576
9038895
9035002
9031379
9030095
9029268
9026134
9003520
9001495
8808029
8807684
8811632
8811302
8811055
8810833
8809559
8809127
8808811
8808499
8579231
8575629
8590618
8679322
8671573
8630133
8577234
8965114
8859566
8835834
8566659
8567185
8565515
8555556
8562603
8568219
8570844
8566139
8565706
8706417
7005657
6990768
8687150
6998095
7113773
7184401
7105457
7468030
7044429
5511359
7652807
5441829
7750739
7661431
5291009
5453147
5290777
5556407
5456745
7876189
7875119
7873610
7878150
7883963
7889457
7884932
7884014
7633880
7645968
7642619
7634481
7639368
7645688
7647052
7653420
7753911
8693827
8037735
8694716
8924005
8902156
8799140
8721239
8688344
8992876
8971468
8975346
9052868
9037939
8388510
9018812
6691534
8679292
4654491
8172992
8387405
8159907
8170065
8231026
8152557
8373458
8612325
8300142
8389023
2125307
1482707
2136117
2066362
2705883
2870249
2170037
2764183
2031363
2994923
2464349
2120602
1546558
1044593
6316258
1514175
6737576
6676947
6552462
6875009
5190624
5105203
6011895
5244202
5653003
8392572
8096908
8066907
2442153
5400461
6008247
8246080
7650840
5557768
6170394
6359250
6164911
6474277
6193766
8835114
7603325
5714987
5628218
6199804
7832206
6827180
6341799
6341793
8839619
8877012
8882083
8851613
8840320
8967180
7797136
8090273
8623343
8766784
8633011
8721728
8793913
8627186
8913698
8721933
8713383
6111940
7465675
2277485
4488982
3466576
3127466
1982039
2311103
2953851
1253362
1587762
1054846
5082416
5272511
8872353
2367947
3457972
1089041
1008608
3148897
4693153
7741821
6442367
8048472
5255365
4693191
2992248
5450130
8931220
6669746
5224090
7246926
1105447
5220003
1628343
1092918
8869618
1464410
5794161
1399927
6335949
1012614
8867114
4156469
7911232
7105489
8799480
4990666
7711252
7758947
8798015
8791105
8132430
2923267
2946329
8881313
2928943
3210742
2991771
8602812
4182915
3011697
2930321
6516502
6606537
6510213
6508839
6503465
6503630
6661306
1264375
8788463
8787709
8798177
8789904
8784360
7905461
7884748
8047226
5474006
5618421
5503089
5695986
5628303
5575545
5514896
5508420
5497067
6009647
8796343
8794681
8794641
8789822
8789249
8409070
8460355
8929238
8868857
8866543
7769327
7707262
8851496
8850242
8847831
8473419
8415511
7639761
6410873
8666957
7639276
8713984
6121312
6160191
6180050
6521510
6153009
6170125
6159033
6136827
6008649
6316307
7373792
8477425
6433639
6787555
6715957
2480659
6196771
1005759
1026430
8637403
1006063
8651920
8682650
1009562
8663955
1007319
1032271
8069263
8061556
8333139
2172934
5171231
1602334
6472453
7732770
7503559
8362680
5623634
1707311
5043454
7863421
7742968
7792071
7862211
7874352
7731188
7917743
7776544
8432098
6508704
4996985
5063434
5320061
5335629
5241624
5012727
5416461
5014220
5011122
5347156
7638924
1512646
5822445
3265357
5798775
2277576
7991873
1254777
5762132
5783370
1558990
2173709
3213044
3341162
2077199
2034941
1564817
5064969
4506495
3266530
1544572
5648002
8617745
7632657
4572324
7922814
8534855
8893880
7693895
7961740
6621646
6450948
7502981
8893902
8893887
8741602
8554648
8656988
8492507
6537232
6509249
8564408
8532870
1318515
8555773
8426932
2098268
7738455
7782376
8436611
4733544
4809936
5896063
6638455
8436608
8402353
8402344
8402339
8900754
8888377
8863291
8878304
8876890
6670434
8709851
5079082
6056930
1320886
6633004
5690927
5700303
5693423
5729251
5696540
5835697
5736698
8230332
1645376
5305720
1109986
1249808
5494336
1096119
2015028
8427861
1198618
1623095
1001342
2885790
2131981
6525388
6480569
2241208
7533892
7425479
2535127
2212577
2038832
1377899
8542961
1971397
8601791
4558628
3535054
8630209
7906398
8829144
8310804
8030229
8036602
8023606
8038702
8471037
8160064
8115117
8039520
8038973
8036645
6577656
6478238
8685428
1622302
1791413
5622883
1889541
2824025
6691412
7112846
1342640
5594607
7112762
5689683
7496512
2156397
6386672
1830485
1694181
1767808
1702444
1713466
8670889
3260717
8554948
1846590
1854030
5663137
5672837
5671666
5681679
8778212
5669201
5708777
5572606
5694544
5706746
2299023
6493189
5827732
6111108
5876507
8798751
7780932
7761909
7857169
7772065
8872656
8688705
4906675
3292051
1051349
7456167
7871321
5344850
1339819
1051269
5515542
5500549
5290871
2009372
1039594
1586659
4529491
2137076
1060812
1045911
6525863
3387294
5337989
7296846
7279709
7184510
5504926
6692518
8454567
8442148
8389006
8291170
8311070
8401091
8307265
8305195
8358851
8356447
5632683
5632662
7297467
4204100
8345241
8227156
2009443
1159871
2143597
5374178
2990220
7476601
1392746
6523663
7674492
5401606
3264911
3334648
3286333
3284830
3284646
3286675
3262769
3286940
3285971
3270256
4493766
4523448
4049114
8632224
8627228
8629527
4530044
4407175
4492812
6307180
4455397
8199556
8797883
8799021
8858527
7488157
8106337
8779736
7422186
1691868
3000761
2436854
8554082
8535243
5290610
6625009
1294218
5081801
8681283
4466433
4990723
2951332
4996482
8284667
6096815
1958988
1134221
3667112
1132969
1146500
1573734
1539167
1149761
1634647
1400762
4495808
1560269
1584150
2035564
2960082
4611407
2201347
3645299
1817543
5293125
5201909
5299173
5214569
5519967
8868505
1379928
4564314
1647865
1306133
2162468
2135684
2134202
5396535
2135775
2147488
5032080
2136678
7206664
7207144
7206736
7211377
8897651
7208613
7266385
7217589
7879214
7661332
5900127
1152255
1564017
1295987
8159929
7947486
1864740
2040556
5388409
7932972
8520843
7300174
7470333
8817416
8653005
8589473
8578793
7765380
2877691
1089467
1098759
5315807
6583512
5127347
8851874
