3523608 11193004 1368
26337866 3730318 480
2085177 11193004 1374
26658523 2925290 344
3330161 11057803 1360
3286548 2945768 368
2065446 14913080 1820
4307314 12749880 1808
26369714 12782640 1536
1295747 11184810 1360
2978465 8960682 1344
27044385 14913080 1823
3267001 11184810 1375
26436154 11184808 1808
2058562 14880304 1536
1763132 3842698 1344
1448669 14913080 1792
1931054 11184824 1360
1448662 11022531 1344
1830563 9054442 1344
5226563 12815408 1536
6953299 11717420 1344
1401842 14913080 1820
1307657 14854698 1344
24737156 10660522 1374
1811479 12815928 1792
1297833 14913080 1808
1907326 12757674 1792
2004001 2853560 1792
1920116 14728242 1872
4307316 14855722 1372
1800608 11184810 1372
26369712 11193008 1304
4005185 11184810 1372
11636291 11184298 1368
27044386 11176616 1344
3814375 2925258 320
25745786 11184810 1344
26724701 11184810 1344
25923515 11184810 1368
5401550 11051690 1372
3412882 11184810 1344
3445516 11184810 1375
10864722 11184810 1374
3032904 11184808 1310
2242600 11184810 1374
1295340 11185706 1372
3278990 14913080 1822
26285777 12782640 1536
25811267 11184810 1344
1295349 14913080 1808
10577609 13576370 1600
25807353 13282474 1600
4002755 14855722 1808
3801894 11217058 1536
26366484 14913080 1816
5163614 14913194 1816
3882803 14880298 1552
20435136 11184810 1344
24843738 14912184 1792
3814111 11184810 1374
24843733 11184810 1344
2301674 14847544 1944
2301676 14913080 1308
1302593 2796202 1372
2286406 14913080 1820
1302598 11209392 1792
2971910 11185712 1808
1870585 2929387 1392
3681717 11184810 1375
1870587 798923 112
10733324 11184810 1344
1870582 14880304 1536
26133459 3050168 1344
2119624 2794154 1372
22993451 14913080 1792
3780328 11242026 1280
1499895 11240184 1792
1760035 12782640 1536
2302399 3056362 352
2302396 2679438 448
2302394 798915 112
1892463 2851576 1808
25885401 12782640 1536
4836996 11182762 1374
1424547 15978300 1920
3271985 11184810 1372
1441863 11184810 1375
11636380 11184778 1344
2248773 14913080 1792
25917973 11053738 1360
2343566 12782640 1536
1308752 11184778 1372
20268708 10652216 1304
1917159 11184810 1360
20472685 11185066 1360
11526817 11184810 1856
3703204 10660522 1368
1841820 11184696 1792
1300378 12782640 1536
10518910 2867964 1374
2056033 14854698 1280
6113797 3056362 1344
2301908 14913072 1822
26914301 3979944 1344
1903628 11184810 1375
24748748 11184682 1360
26715635 15380010 1372
27126955 11184810 1374
25792623 14888488 1820
26332941 4105194 348
1477470 14847528 1816
24381190 14912056 1816
2353083 11185704 1360
1301717 10717880 1280
4722906 14847544 1820
1906051 10652200 1280
2084628 2663082 1368
1294763 10652216 1280
20470368 11184810 1088
1294766 11176488 1816
26339792 13307056 1552
2274776 15978300 1948
6132713 13315250 1600
1300442 10652328 1296
2084334 11184810 1360
5993157 11184810 1375
3609105 11185720 1374
1447031 12790962 1536
1298614 14855736 1820
3060682 10661418 1820
2158699 11184810 1360
1298619 11184810 1344
1308636 11057803 368
25919931 14913080 1792
25966044 2896579 1344
25966045 11057803 1360
1308632 11184810 1374
25716103 3064552 348
26815323 9320675 1144
1296873 14880304 1792
3136927 11242168 1374
25750747 11184810 1344
1296877 14913080 1808
1296874 11152034 1372
10480952 10652200 1296
1779498 2929291 368
1296879 15961656 1816
2127535 12782640 1536
11625206 11057834 368
2127536 11184810 1374
26258767 11242168 1304
2363850 14913080 1792
1787582 11184810 1360
2363854 11057834 1344
2363856 11184779 1374
3992617 14929464 1820
5316743 11184810 1375
4825869 14912568 1536
2267072 13273784 1820
1294584 11053752 1344
19962575 11184810 1368
2381089 12815928 1792
26674349 11184682 1375
4825860 11184810 1372
3013694 14913080 1808
3272916 3056362 1372
3091047 8927435 1368
6524245 14913080 1792
3060533 12815928 1792
26429803 14847528 1822
26838199 11156138 1372
10441422 12815416 1792
26610786 14912568 1808
11597253 11766576 1808
26720065 11217586 1360
11601833 10652200 1344
26657439 14913080 1816
26657438 11184810 1344
5982108 10652330 1280
26041853 2929355 352
4306330 14854698 1792
27059162 11184682 1816
10604086 10717864 1792
10751394 13155339 1600
26101915 10660408 1308
26101913 11184808 1280
1298617 14879920 1536
1959019 2667211 1344
26888541 11184810 1344
11498724 2667146 320
24743711 11055819 352
1875725 11184810 1375
3221054 11242168 1280
1306406 11258428 1280
3660583 11184810 1375
25847474 3711882 1308
2295166 11057803 1344
4767569 11217074 1808
2080133 11184810 1344
1294801 11242168 1360
3024045 11184810 1368
1925945 11176632 1368
22991882 11057834 1372
1303573 11184810 1368
26365348 11184810 1374
4812752 14913080 1820
1307478 11182762 1822
6515655 13315250 1372
1301253 13282346 1600
1302110 11184810 1368
3320837 9087146 1375
2154884 12782648 1564
3065473 11184810 1880
25855990 9087160 1088
1306273 10660392 1311
26842502 14913080 1820
1498578 11184818 1116
1292932 11182762 1344
3445575 2929355 352
1785006 14913080 1792
10549251 11053706 1344
19951149 11051723 336
2303266 11184810 1368
1308244 11182826 1368
2303263 11184808 1822
5256125 14855722 1792
4824978 11184810 1375
26282452 11184810 1375
26282457 11184810 1375
10001411 12782648 1536
1294020 14913336 1808
3105047 14913066 1792
10577854 14847528 1808
2032350 12782640 1536
25735429 14847530 1304
25738846 11184810 1344
5446217 12757674 1344
26761880 2794154 1360
1297585 11185328 1808
1297236 10660394 1816
27145073 11182795 1344
1498855 13315256 1600
26329061 2663082 351
22562538 11184810 1375
1424406 14847532 1792
26342559 15961898 1296
10748065 14880312 1792
1293934 14913080 1820
1296723 11184810 1374
1293936 11184810 1344
1941417 11241656 1792
1293933 11184810 1360
4074009 10661418 1820
25885827 11184778 1344
1829858 11209392 1536
4168183 11184810 1368
1779354 12782640 1820
1299032 2669195 1344
3060413 14913080 1816
1437432 12814888 1792
26738108 11184680 1375
26738104 958698 1344
25975522 10652204 1808
25899327 11184810 1344
26684708 11184810 1368
24773958 3056362 1372
1966549 14880312 1820
25798222 11176616 1368
3204552 11184810 1375
26986136 14913080 1304
25798226 11240170 1344
26307817 12729475 1296
4844917 3056330 383
3033085 11176632 1280
3025219 14855722 1820
1876356 14912568 1792
26342337 958698 96
19967908 11184782 1280
3731625 14913080 1822
11519235 11242168 1360
3033088 11176488 1280
27042712 2663050 320
1305905 11184808 1372
6013880 12790962 1536
6799189 3050168 1374
5163184 12815928 1820
1353727 11185314 1600
1353725 11051662 376
27178889 11176616 1344
1641648 14880296 1792
2341207 11184810 1344
1470554 14879800 1344
19894195 11209400 1886
6874783 10660522 1344
25818823 930531 1120
1296182 14855722 1792
4888221 10660392 1280
3069330 14912312 1816
1469559 11025066 1360
3004211 11184810 1375
26752730 10652200 1280
25924390 15403683 1823
